,LotFrontage,LotArea,OverallQual,OverallCond,YearBuilt,YearRemodAdd,MasVnrArea,BsmtFinSF1,BsmtFinSF2,BsmtUnfSF,TotalBsmtSF,1stFlrSF,2ndFlrSF,LowQualFinSF,GrLivArea,BsmtFullBath,BsmtHalfBath,FullBath,HalfBath,BedroomAbvGr,KitchenAbvGr,TotRmsAbvGrd,Fireplaces,GarageYrBlt,GarageCars,GarageArea,WoodDeckSF,OpenPorchSF,EnclosedPorch,3SsnPorch,ScreenPorch,PoolArea,MiscVal,MoSold,YrSold,ExterQual,ExterCond,BsmtQual,BsmtCond,HeatingQC,KitchenQual,FireplaceQu,GarageQual,GarageCond,PoolQC,BsmtExposure,BsmtFinType1,BsmtFinType2,GarageFinish,Functional,Fence,LotShape,LandSlope,PavedDrive,SalePrice
LotFrontage,1.0,0.4260950187718081,0.2516457754806124,-0.059213450005246894,0.12334946703331619,0.08886557249206646,0.19345806055826867,0.233633167019755,0.0498996766909894,0.13264374162493364,0.3920745763791721,0.45718100199465517,0.08017727062420475,0.038468534328959476,0.40279741408531955,0.10094856694926875,-0.007234304524918128,0.19876867789737823,0.05353185497960593,0.263169915881059,-0.0060688301613090875,0.3520959476602243,0.26663948256030306,0.0702497819166165,0.2856909246851005,0.3449967241064819,0.0885209332894081,0.15197222768060642,0.01070033663888244,0.07002922773085365,0.04138279067500582,0.2061667752760768,0.003367556596191435,0.011199954759134238,0.007449589209750463,0.17899281820145968,-0.01726373497037101,0.15256975377259277,0.05151257363155824,0.0985091361808053,0.181839120125403,0.24553067563337094,0.11395634251490527,0.1094416792737194,0.2544153387151369,0.18127859253473644,0.08101704744114582,0.02071581589502115,0.23857181155297147,0.02554421867341383,0.03413869295714328,-0.23187791768619972,-0.0883447227995295,0.0944666448581419,0.35179909657067737
LotArea,0.4260950187718081,1.0,0.10580574175496422,-0.005636270274099278,0.014227651757025093,0.013788427078155424,0.10415982154021264,0.21410313070557713,0.11116974549624871,-0.00261835995009543,0.2608331345451572,0.29947457850776266,0.05098594829349377,0.004778969866349555,0.26311616716714803,0.15815453106001476,0.04804557088829686,0.1260306265196436,0.014259468566431947,0.11968990815131542,-0.017783870504841995,0.190014777625409,0.2713640096245418,-0.02494741866564254,0.15487073975354076,0.1804027551511169,0.17169768725711246,0.08477380884021642,-0.018339733672212328,0.020422829586133416,0.04316037769525204,0.07767239188017444,0.03806769201918336,0.0012049882225877268,-0.01426140729855021,0.05557005342864092,0.014731971620469771,0.07233553751949938,0.03134918682097266,0.003581109416238715,0.06786351851282843,0.1853321507610691,0.07931311436416143,0.07609717507408334,0.09138095017275075,0.2288299588752991,0.0589952438524527,0.08662945561030573,0.12475609978871313,-0.02512786784973514,-0.04142291160121413,-0.31548403701057787,-0.43686801153335114,0.015133906555050806,0.2638433538714051
OverallQual,0.2516457754806124,0.10580574175496422,1.0,-0.09193234263907182,0.5723227689623621,0.5506839241941717,0.4118756672776833,0.23966596617889105,-0.05911869267068986,0.30815892690564284,0.5378084986123907,0.4762238290781779,0.29549287919970985,-0.030429283979605037,0.5930074300286512,0.11109778614230235,-0.04015015766998829,0.5505997093682543,0.2734580986427702,0.1016763562417855,-0.18388223454922156,0.42745234327798975,0.39676503795208906,0.5477658448351629,0.6006707165907149,0.5620217566126083,0.23892339224918593,0.3088188233594523,-0.11393685859568162,0.03037056713526452,0.06488636049351544,0.06516584360589199,-0.031406210500746504,0.07081517178517327,-0.027346708327825386,0.7262784907641405,0.013952861150374184,0.6293791143641128,0.2687585590744768,0.4570825482866094,0.6733307811877888,0.4907878179780745,0.29239924136605194,0.2869550382941626,0.08527788688766683,0.2965168412331978,0.23250262419484508,-0.04434930183844621,0.5568634460590589,0.1454356555530853,-0.1522526246234952,-0.19899376816487485,0.0664496299613696,0.2293929894619464,0.7909816005838053
OverallCond,-0.059213450005246894,-0.005636270274099278,-0.09193234263907182,1.0,-0.37598319560698945,0.07374149814528905,-0.1281011991656896,-0.04623085591822496,0.040229169899767575,-0.13684056989352233,-0.1710975146249218,-0.1442027840490591,0.028942115965816882,0.025494319914213383,-0.07968586538833815,-0.05494151543295185,0.11782091508139253,-0.1941494887493024,-0.06076932676159483,0.012980060094550628,-0.08700085543638039,-0.057583166112865375,-0.02381997776166212,-0.32429673252939795,-0.18575751057836357,-0.15152137057022985,-0.0033336992893856225,-0.03258881352158505,0.07035618448230374,0.025503660024132138,0.05481052878611526,-0.0019849422681841354,0.0687768060572499,-0.003510838599939743,0.043949745692488544,-0.13894225490810438,0.38916311389974617,-0.16499645565460486,0.13236080442287187,-0.01410470478577869,-0.026706689673635334,-0.056898767839609975,0.019059623024724172,0.016706186131438903,-0.014885115287645597,-0.0567315016976149,-0.014478685420616935,0.10167355044866722,-0.17124500211699709,0.11890903179038095,0.16965257387088073,0.03374664227524163,-0.010354519973040597,-0.06223608739211646,-0.07785589404867797
YearBuilt,0.12334946703331619,0.014227651757025093,0.5723227689623621,-0.37598319560698945,1.0,0.5928549763436519,0.3157070624361963,0.24950319668479728,-0.049106831196239174,0.14904039195440058,0.3914520020660952,0.2819858586998021,0.010307659584364078,-0.18378434437372046,0.19900971367645826,0.1875985499971434,-0.03816180567123349,0.4682707871726737,0.2426559102410641,-0.07065121690473103,-0.17480024561497706,0.09558912829795185,0.14771639941245646,0.8256674841743408,0.5378500917111052,0.4789538198934904,0.22488014230399744,0.188685840001731,-0.3872677829280785,0.03135451306436603,-0.05036443453861205,0.004949727615942999,-0.03438313873672287,0.012398470595440986,-0.01361768000183213,0.5981604780637491,-0.1039249443799326,0.6027970051299991,0.18311461450647804,0.4488551737966036,0.530165341082032,0.22454514490311833,0.2870542890274888,0.2910958538338111,0.0007686383828750793,0.2896228864132245,0.35100231327113135,-0.03951214342733754,0.5957814390487225,0.1487916195267082,-0.212545017650566,-0.2293649585001718,0.07363916677404402,0.4275606409854685,0.5228973328794967
YearRemodAdd,0.08886557249206646,0.013788427078155424,0.5506839241941717,0.07374149814528905,0.5928549763436519,1.0,0.17961837073552223,0.12845054712828866,-0.06775851356598699,0.18113308705016903,0.2910655826041661,0.24037926760355463,0.14002377880486447,-0.06241910007833181,0.2873885196503327,0.11946987911123993,-0.012337032127797673,0.4390464838723479,0.1833306117185349,-0.040580928067749454,-0.14959752104274646,0.1917398162928069,0.11258131843947561,0.6422767797035356,0.42062215494321714,0.3715998094973092,0.20572592049010355,0.22629763268298944,-0.1939191470992078,0.045285809814976964,-0.038740010742610125,0.005829372037106204,-0.010286248783081431,0.02149000222687611,0.03574324712127364,0.5873183936857582,0.0747450327296608,0.5150132979980411,0.18802674050927598,0.550017286577463,0.6253160534232293,0.19610329028438375,0.1489245835023201,0.14408757109850232,0.010013798896849349,0.22140453590356646,0.22438285513747203,-0.03915903518467309,0.4445412321542064,0.07254266774646763,-0.14109615482869553,-0.17548803638056337,0.05910450075329433,0.16845702431112444,0.5071009671113866
MasVnrArea,0.19345806055826867,0.10415982154021264,0.4118756672776833,-0.1281011991656896,0.3157070624361963,0.17961837073552223,1.0,0.2647362647138685,-0.0723188482033582,0.11444206231380821,0.3639362217744723,0.3445007468899248,0.1745614734574279,-0.06907085606589286,0.39085663973843854,0.08530982868972814,0.026672828155103145,0.27683284723698837,0.20144394692967832,0.10282115127801787,-0.03761025181986861,0.2806816946085068,0.24906961283714313,0.2526907749903342,0.3642036400698656,0.37306648160023664,0.15971813436595433,0.1257027966825031,-0.11020383387243517,0.018795515294914033,0.06146554318732188,0.01172306121326672,-0.02981539358527878,-0.005964715509114298,-0.008201030967080006,0.35152351104638346,-0.018834069561912723,0.28008758484575896,0.07445698298993875,0.15963919092503384,0.28606355922916843,0.27580318031812817,0.13592046409079,0.13473090364286028,0.013039365840723962,0.174958241750311,0.186759006821615,-0.04590531908080628,0.27977176966283773,0.0820744457203169,-0.09841131049469734,-0.08917832174291089,0.021815370728228138,0.1451783990039513,0.47749304709571444
BsmtFinSF1,0.233633167019755,0.21410313070557713,0.23966596617889105,-0.04623085591822496,0.24950319668479728,0.12845054712828866,0.2647362647138685,1.0,-0.0501174000471511,-0.49525146925701125,0.5223960519923867,0.4458626560920054,-0.13707898608005356,-0.06450259692146844,0.20817113014532704,0.6492117535742649,0.06741847791011696,0.058543136861595194,0.004262424384486936,-0.10735467682307034,-0.08100685077857439,0.044315623912920654,0.2600109202350403,0.1534840980267781,0.22405352239399068,0.2969703853445138,0.20430614523740265,0.11176061335675101,-0.10230330550073197,0.026450506189898953,0.06202062266534991,0.1404912862549568,0.003571473474954695,-0.015726948262154667,0.014358922393909302,0.2037774999382384,0.04091880895847965,0.3046073540306725,0.16580136231967038,0.08567209127094448,0.22841474205127127,0.17999122622473884,0.1371378743319387,0.13817450361342634,0.17711015014347561,0.36911479128602276,0.6957507307536481,-0.011803538410687214,0.25142146675647215,0.060568811816113836,-0.018119842481639732,-0.15771800924691412,-0.11383419449908848,0.1895453860242031,0.3864198062421535
BsmtFinSF2,0.0498996766909894,0.11116974549624871,-0.05911869267068986,0.040229169899767575,-0.049106831196239174,-0.06775851356598699,-0.0723188482033582,-0.0501174000471511,1.0,-0.20929449241994497,0.10480953760636813,0.0971174484566702,-0.09926031602264425,0.01480699794683367,-0.009639891551805443,0.15867806078170135,0.07094813365590413,-0.07644386196518269,-0.032147837468965886,-0.015728113626581035,-0.04075123644840764,-0.03522654794752336,0.04692070882601213,-0.08801081541220088,-0.038263512869251545,-0.018226591907316552,0.06789832641361218,0.003092562209894399,0.036543339448210164,-0.029993397993921023,0.08887125137339073,0.041709054681333575,0.004939781228437705,-0.015210737972006668,0.03170563698487945,-0.0762362478234608,0.0604289117815006,-0.030991050330200387,0.0819043734647595,-0.07453505155109075,-0.0450907727564833,0.0015181838931434865,0.05279718073954811,0.04436107569631522,0.014524012359806328,0.09465818094043073,0.03305245108273219,0.7889859086222663,-0.012796333220978414,-0.1144882024634619,0.11527363769568526,-0.06041945162979325,-0.08551838469623817,0.06394027594644408,-0.011378121450215146
BsmtUnfSF,0.13264374162493364,-0.00261835995009543,0.30815892690564284,-0.13684056989352233,0.14904039195440058,0.18113308705016903,0.11444206231380821,-0.49525146925701125,-0.20929449241994497,1.0,0.4153596051815893,0.3179874383527259,0.004469092144542392,0.028166688132741206,0.240257268349935,-0.42290047738321335,-0.09580428815248283,0.2888860554869108,-0.04111753014455172,0.16664331698696289,0.030085868314000126,0.25064706137624926,0.0515748822895418,0.19070827345893257,0.2141751897502169,0.18330269774258412,-0.005316424333062066,0.12900541461542128,-0.002537854589751547,0.02076400569654798,-0.012579273444256824,-0.035092240793657914,-0.023836645134507763,0.03488844300908206,-0.04125819493876721,0.28470471228662264,-0.07012820032438428,0.25715771826874345,0.16882104673794135,0.20256086808698792,0.2102248187887753,0.15878572359033888,0.01111404167763444,0.016494782575135147,-0.027924535415022593,-0.035012539994581725,-0.40018399997259013,-0.16330490519257296,0.11400883314061032,0.018114683162450126,-0.13202464832221256,-0.014178898436782925,0.11645649366815956,-0.01015326117498554,0.21447910554696928
TotalBsmtSF,0.3920745763791721,0.2608331345451572,0.5378084986123907,-0.1710975146249218,0.3914520020660952,0.2910655826041661,0.3639362217744723,0.5223960519923867,0.10480953760636813,0.4153596051815893,1.0,0.8195299750050339,-0.17451195013496046,-0.0332453873474563,0.45486820254790317,0.30735055373550346,-0.00031458181983374725,0.3237224136066502,-0.04880373863521248,0.05044995551267818,-0.06890064264201659,0.28557256372579454,0.33951932389865597,0.3224451736794739,0.43458483429168865,0.4866654637737961,0.23201860912901803,0.2472637462881078,-0.09547773670640776,0.03738372726300508,0.08448898591431157,0.12605313210083768,-0.018478922431472124,0.013196178616778433,-0.014968648018762356,0.47057955644292293,-0.005871812953530643,0.5642987744292748,0.37252996847616554,0.2656815053220656,0.4326296197501026,0.3476154099235396,0.17318333967936198,0.17657848858651007,0.1613467425008514,0.3832911220850176,0.33242015452195955,0.11336999503889918,0.37151427781587426,0.03911611007621476,-0.10942628880153217,-0.20046916845392476,-0.03249800113691375,0.21034551386877695,0.6135805515591943
1stFlrSF,0.45718100199465517,0.29947457850776266,0.4762238290781779,-0.1442027840490591,0.2819858586998021,0.24037926760355463,0.3445007468899248,0.4458626560920054,0.0971174484566702,0.3179874383527259,0.8195299750050339,1.0,-0.20264618100232087,-0.014240672666431285,0.5660239689357486,0.24467110424771052,0.001955653582048656,0.3806374949735071,-0.11991590879396136,0.12740074939236454,0.06810058817691335,0.40951597886683183,0.41053108465984556,0.23344909271486267,0.4393168079906709,0.4897816541041918,0.23545862278369778,0.2116712254979847,-0.0652917009103091,0.05610437448487508,0.08875807262015682,0.13152497564028254,-0.021095719463122223,0.03137156035207926,-0.01360377050464661,0.39783537486106346,-0.0013911681731658718,0.293598014603787,0.05321671734953899,0.18988780999353555,0.3870272870551848,0.40788743849044573,0.17662998655635984,0.17154606339799042,0.15508929277116812,0.3048563489705074,0.21233723371989754,0.041854971846673285,0.3341385326854584,-0.07745629301725647,-0.07008097431196816,-0.18925141303568357,-0.06832290500497397,0.1634119089315665,0.6058521846919153
2ndFlrSF,0.08017727062420475,0.05098594829349377,0.29549287919970985,0.028942115965816882,0.010307659584364078,0.14002377880486447,0.1745614734574279,-0.13707898608005356,-0.09926031602264425,0.004469092144542392,-0.17451195013496046,-0.20264618100232087,1.0,0.06335295010932271,0.6875010641666033,-0.16949395173099896,-0.023854783937045255,0.4213779828759713,0.6097073002717436,0.5029006133459056,0.05930575264821624,0.6164226354915431,0.19456089224132392,0.0708323397173792,0.18392558307638002,0.13834695857186657,0.09216541758603868,0.2080260631813579,0.06198869077325203,-0.02435764842204794,0.040606447641001006,0.08148687804909954,0.016196874604388505,0.035164427361791005,-0.02869991393529755,0.17953032373028893,0.024782217768728458,0.14098692525578166,0.05717705924973459,0.14190053581828077,0.16880997584507826,0.20712921471506077,0.05668190511597289,0.04688610892452767,0.10177542732878042,-0.10657744276136105,-0.11337857687343722,-0.06239821680738492,0.14159562191986547,-0.0050316854886112835,-0.03855383491381223,-0.08937970396442421,0.009255411022848832,-0.040883740344369424,0.31933380283206736
LowQualFinSF,0.038468534328959476,0.004778969866349555,-0.030429283979605037,0.025494319914213383,-0.18378434437372046,-0.06241910007833181,-0.06907085606589286,-0.06450259692146844,0.01480699794683367,0.028166688132741206,-0.0332453873474563,-0.014240672666431285,0.06335295010932271,1.0,0.13468281300660076,-0.047143421898259166,-0.005841504819311643,-0.0007095096206731084,-0.02708004931716945,0.10560656854090526,0.007521744344233734,0.13118477598954745,-0.02127214341393874,-0.03636323404234127,-0.09447952015593257,-0.06760141323952208,-0.025443647988791077,0.018251039053999052,0.06108123777122687,-0.004295610410300094,0.02679941302177244,0.06215737226918922,-0.003792870779996453,-0.02217396057953783,-0.028920879782296086,-0.06306156732584083,-0.032325205343958927,-0.055774872004733814,-0.03364172491685551,-0.0317041443076483,-0.04756762966987985,-0.023739027048104572,-0.11454188272918066,-0.12781017127413993,0.10064514146593848,-0.057974769149504564,-0.07660166061040165,0.019369188370599685,-0.11267296261444015,-0.07606354577467572,0.055583080647055284,0.007972512584302064,-0.013887806746738562,-0.06550473173828654,-0.02560613000067955
GrLivArea,0.40279741408531955,0.26311616716714803,0.5930074300286512,-0.07968586538833815,0.19900971367645826,0.2873885196503327,0.39085663973843854,0.20817113014532704,-0.009639891551805443,0.240257268349935,0.45486820254790317,0.5660239689357486,0.6875010641666033,0.13468281300660076,1.0,0.03483604954490554,-0.0189184831706347,0.6300116462511148,0.4157716361052652,0.5212695109189948,0.10006316473775474,0.8254893743088425,0.46167913376144704,0.23119674063336224,0.4672474187951873,0.4689974773229655,0.24743282051884846,0.33022396171200064,0.009113210326003087,0.020643189710186576,0.10151039568208567,0.1702053360005616,-0.0024156395502935623,0.05023968081827284,-0.03652581962473121,0.4359860588448978,0.016572613147898405,0.32795562615536356,0.08353609322737152,0.25464388192191245,0.4205627468142144,0.46994677154886,0.16643222815503872,0.15332675127039644,0.20795669514395998,0.1303773313455409,0.054939042805428794,-0.019251313253018192,0.3530214906658049,-0.06820153905205656,-0.07844188143841217,-0.21274135715825604,-0.04386046727989309,0.08019534970459659,0.7086244776126515
BsmtFullBath,0.10094856694926875,0.15815453106001476,0.11109778614230235,-0.05494151543295185,0.1875985499971434,0.11946987911123993,0.08530982868972814,0.6492117535742649,0.15867806078170135,-0.42290047738321335,0.30735055373550346,0.24467110424771052,-0.16949395173099896,-0.047143421898259166,0.03483604954490554,1.0,-0.14787096054760138,-0.06451204863131507,-0.030904959142533293,-0.15067280920795623,-0.041502546431482885,-0.0532752361233972,0.1379277084271981,0.12455252442364974,0.13188122440619438,0.179189480420231,0.17531519007972224,0.06734146137698176,-0.049910649083753186,-0.00010609153998400853,0.023147725763573802,0.06761555618047507,-0.02304702486861695,-0.025360894315259907,0.06704913767140361,0.12454980879375378,0.03803233551425575,0.22349518216296535,0.1564646261042927,0.08373481043683653,0.16172123380679718,0.07765317165290059,0.058139808686100004,0.06363123138326629,0.07067398479896111,0.3386720768341052,0.5890560180673365,0.16941291279851747,0.15462167138370853,0.034132251926303196,0.036919637304404784,-0.06463838278416789,-0.1161645277842519,0.11522857953577478,0.22712223313149427
BsmtHalfBath,-0.007234304524918128,0.04804557088829686,-0.04015015766998829,0.11782091508139253,-0.03816180567123349,-0.012337032127797673,0.026672828155103145,0.06741847791011696,0.07094813365590413,-0.09580428815248283,-0.00031458181983374725,0.001955653582048656,-0.023854783937045255,-0.005841504819311643,-0.0189184831706347,-0.14787096054760138,1.0,-0.054535811983635524,-0.012339900052275487,0.046518848389950684,-0.03794435022720086,-0.023836341262220544,0.028975586646259963,-0.07746361238070294,-0.02089105899687853,-0.02453557957887923,0.04016122325953452,-0.02532375788905772,-0.008555333868578032,0.035113630886772336,0.03212140720908338,0.02002462983851695,-0.007366524543625446,0.03287270523409066,-0.04652388177400862,-0.056261337001099525,0.09797365538453172,-0.013361559659187148,0.06481138093656817,-0.04247718278460234,-0.03018016518537139,0.018502240639473474,0.023576845255913408,0.02414108733457314,0.04089439106034754,0.07817994798633512,0.07783088101381773,0.10368884081682328,-0.02611915378423334,0.00124861844053604,0.020203341969728176,-0.05772902957154375,-0.07029914156002336,0.04094157734699436,-0.01684415429735895
FullBath,0.19876867789737823,0.1260306265196436,0.5505997093682543,-0.1941494887493024,0.4682707871726737,0.4390464838723479,0.27683284723698837,0.058543136861595194,-0.07644386196518269,0.2888860554869108,0.3237224136066502,0.3806374949735071,0.4213779828759713,-0.0007095096206731084,0.6300116462511148,-0.06451204863131507,-0.054535811983635524,1.0,0.13638058874914522,0.36325198302327694,0.1331152141960393,0.5547842535334836,0.2436705030799116,0.4845573867195222,0.469672043267628,0.4056562084540099,0.18770321383582822,0.25997742546824865,-0.11509296346134239,0.03535301658385297,-0.00810609332811188,0.04960382558403366,-0.014289844970848111,0.055872128991723384,-0.019668840691520386,0.48394941604453834,-0.003325472610971641,0.3712429593398348,0.04209278017668756,0.33349885143570585,0.43464801539463355,0.29685696919000654,0.14030331924413247,0.13078244880606274,0.056479209454003004,0.09923253717822954,0.05822238420089954,-0.09200451879595956,0.40758781241907927,0.0028523602822655503,-0.18669333437479368,-0.1842126487010591,0.04693576082981328,0.12943481417546665,0.5606637627484453
HalfBath,0.05353185497960593,0.014259468566431947,0.2734580986427702,-0.06076932676159483,0.2426559102410641,0.1833306117185349,0.20144394692967832,0.004262424384486936,-0.032147837468965886,-0.04111753014455172,-0.04880373863521248,-0.11991590879396136,0.6097073002717436,-0.02708004931716945,0.4157716361052652,-0.030904959142533293,-0.012339900052275487,0.13638058874914522,1.0,0.22665148415094508,-0.06826254889694101,0.3434148575409178,0.20364850809521917,0.19678517580586272,0.21917815216716094,0.1635493640166073,0.10808030267536337,0.19974014751279254,-0.09531652573608992,-0.0049724884173161,0.0724258451703809,0.0223814980554099,0.0012901448492839542,-0.009049888212650292,-0.010268668868105917,0.19389167115058453,-0.033819551732309806,0.22956064588165284,0.13421390709246073,0.11623679385731239,0.1806772375006162,0.20218412071258834,0.11511534492380143,0.12086697973570117,0.011523800230897326,-0.03479076383059415,0.030292528727942525,-0.01866236592784284,0.2410302921482967,0.056021092629430856,-0.048946648518604925,-0.11657593621145308,-0.000780656721696441,0.10814777503090901,0.28410767559478256
BedroomAbvGr,0.263169915881059,0.11968990815131542,0.1016763562417855,0.012980060094550628,-0.07065121690473103,-0.040580928067749454,0.10282115127801787,-0.10735467682307034,-0.015728113626581035,0.16664331698696289,0.05044995551267818,0.12740074939236454,0.5029006133459056,0.10560656854090526,0.5212695109189948,-0.15067280920795623,0.046518848389950684,0.36325198302327694,0.22665148415094508,1.0,0.1985967577071338,0.676619935742649,0.10756968099132388,-0.06451843698438452,0.08610643768835287,0.06525252989881626,0.04685377306989394,0.09380957160591452,0.04157043451959824,-0.02447779636611455,0.044299691127134826,0.07070258356547471,0.007766971998717607,0.04654385993628238,-0.03601389283370446,-0.01872859098087961,0.015064736366488318,-0.03991267086986521,0.001995835976032733,-0.02686906170498882,-0.01801150031444655,0.09415756935170287,-0.004644979826494769,-0.006144989896887167,0.06397397487450994,-0.11580583979772084,-0.14092915680640655,-0.020511083066939405,-0.011695197689982489,-0.03378948150203651,0.04486740337102027,-0.06002756363845821,0.048196402843833024,-0.03222709817503787,0.16821315430073963
KitchenAbvGr,-0.0060688301613090875,-0.017783870504841995,-0.18388223454922156,-0.08700085543638039,-0.17480024561497706,-0.14959752104274646,-0.03761025181986861,-0.08100685077857439,-0.04075123644840764,0.030085868314000126,-0.06890064264201659,0.06810058817691335,0.05930575264821624,0.007521744344233734,0.10006316473775474,-0.041502546431482885,-0.03794435022720086,0.1331152141960393,-0.06826254889694101,0.1985967577071338,1.0,0.2560454085359489,-0.12393623529689729,-0.12441140157001684,-0.05063389240221729,-0.06443304718314395,-0.09013027267903444,-0.07009060989258609,0.03731238503296963,-0.024600358690531954,-0.05161336606147979,-0.014525116015980777,0.062340724004379115,0.026588907230915452,0.031687206500669154,-0.15123587212090842,-0.050349711494139,-0.2777312041386032,-0.26802361833596616,-0.17141605763061796,-0.17242281897342368,-0.15481142796502287,-0.1639409346113219,-0.1815592256199678,-0.013489917198426838,-0.12196061677885724,-0.16399285321460683,-0.08998673680334748,-0.19396193505397175,-0.043052524285889154,-0.04770347904887483,0.09486962103415604,0.036467400630926836,-0.1705023206761959,-0.13590737084214105
TotRmsAbvGrd,0.3520959476602243,0.190014777625409,0.42745234327798975,-0.057583166112865375,0.09558912829795185,0.1917398162928069,0.2806816946085068,0.044315623912920654,-0.03522654794752336,0.25064706137624926,0.28557256372579454,0.40951597886683183,0.6164226354915431,0.13118477598954745,0.8254893743088425,-0.0532752361233972,-0.023836341262220544,0.5547842535334836,0.3434148575409178,0.676619935742649,0.2560454085359489,1.0,0.3261144801772001,0.1481117155859651,0.3622885708147746,0.33782212063683786,0.16598388371493233,0.2341915878315988,0.004151299023856323,-0.006683241010939702,0.059382599559410935,0.0837573495149245,0.024762884163584138,0.036907077159844405,-0.03451635430218269,0.2979027751875956,0.0009938629676087209,0.18584582972595634,0.024584845094666855,0.16490440702510054,0.2872785432788034,0.355588777974058,0.09125095308197198,0.0805465381091193,0.08919262262260759,0.026712521197984392,-0.06015689537029252,-0.040134182279931305,0.2412930159489833,-0.04571543552832195,-0.04120949995013936,-0.13714844800477832,0.033768160870145156,-0.0036176300103483968,0.5337231555820284
Fireplaces,0.26663948256030306,0.2713640096245418,0.39676503795208906,-0.02381997776166212,0.14771639941245646,0.11258131843947561,0.24906961283714313,0.2600109202350403,0.04692070882601213,0.0515748822895418,0.33951932389865597,0.41053108465984556,0.19456089224132392,-0.02127214341393874,0.46167913376144704,0.1379277084271981,0.028975586646259963,0.2436705030799116,0.20364850809521917,0.10756968099132388,-0.12393623529689729,0.3261144801772001,1.0,0.04682164840190421,0.3007887663013562,0.2691412380738719,0.20001879575902368,0.16940532713120185,-0.02482186853706847,0.011257238992774959,0.18453026951684842,0.09507352203619863,0.0014086054430451757,0.04635710249771968,-0.024095564980725313,0.24933461138710733,0.02790007014971344,0.22963493526501108,0.10250706184614256,0.12968887066415613,0.2564085073820081,0.8632412358884511,0.2085564994977095,0.19800302457662908,0.09562144439709382,0.18629073472854,0.1409468471794332,0.052069678110571185,0.3243759388443253,-0.013365658835561931,-0.02502369905379867,-0.202019361512649,-0.12399473838394595,0.1407319464531322,0.46692883675152763
GarageYrBlt,0.0702497819166165,-0.02494741866564254,0.5477658448351629,-0.32429673252939795,0.8256674841743408,0.6422767797035356,0.2526907749903342,0.1534840980267781,-0.08801081541220088,0.19070827345893257,0.3224451736794739,0.23344909271486267,0.0708323397173792,-0.03636323404234127,0.23119674063336224,0.12455252442364974,-0.07746361238070294,0.4845573867195222,0.19678517580586272,-0.06451843698438452,-0.12441140157001684,0.1481117155859651,0.04682164840190421,1.0,0.5889200070047002,0.5645670607230577,0.22457699198793213,0.22842457877198022,-0.2970026030557314,0.023543689573665077,-0.07541751376190593,-0.01450067856370222,-0.032417457821261826,0.0053370257603695135,-0.0010142778712734348,0.5832957563245108,-0.10747063663425871,0.572341205341058,0.16602900054857803,0.4755292143269871,0.5270128970410669,0.14149708048843374,0.3082569623116609,0.26250407869199166,-0.018286399759082684,0.24499220082259066,0.25363154529711557,-0.06837874630503087,0.5254079575794657,0.12298765572874236,-0.22338053871208297,-0.20023781807057708,0.07487464008626804,0.30010324974292457,0.4863616774878596
GarageCars,0.2856909246851005,0.15487073975354076,0.6006707165907149,-0.18575751057836357,0.5378500917111052,0.42062215494321714,0.3642036400698656,0.22405352239399068,-0.038263512869251545,0.2141751897502169,0.43458483429168865,0.4393168079906709,0.18392558307638002,-0.09447952015593257,0.4672474187951873,0.13188122440619438,-0.02089105899687853,0.469672043267628,0.21917815216716094,0.08610643768835287,-0.05063389240221729,0.3622885708147746,0.3007887663013562,0.5889200070047002,1.0,0.882475414281462,0.2263421384698597,0.21356944558969115,-0.15143416002683724,0.035765285146453774,0.05049379192719834,0.020933531041465454,-0.04308012810223063,0.040521730128251755,-0.039116904112831495,0.5263901811148738,-0.009376604945333227,0.4491944357125127,0.14264371504280185,0.32534695735181146,0.5098096082161492,0.37003390452607376,0.576622357633427,0.5684077627408402,0.02438136637744543,0.25283009229700587,0.19389405297238274,-0.02356931442280013,0.5797290068511322,0.08681923653931012,-0.1504955062230099,-0.19498379299773452,0.0026834619178455876,0.2845983860513177,0.6404091972583519
GarageArea,0.3449967241064819,0.1804027551511169,0.5620217566126083,-0.15152137057022985,0.4789538198934904,0.3715998094973092,0.37306648160023664,0.2969703853445138,-0.018226591907316552,0.18330269774258412,0.4866654637737961,0.4897816541041918,0.13834695857186657,-0.06760141323952208,0.4689974773229655,0.179189480420231,-0.02453557957887923,0.4056562084540099,0.1635493640166073,0.06525252989881626,-0.06443304718314395,0.33782212063683786,0.2691412380738719,0.5645670607230577,0.882475414281462,1.0,0.2246663071787637,0.2414346721380881,-0.1217767195610043,0.03508670020815975,0.05141176244520852,0.061047271702060014,-0.02739991441262488,0.02797379982354057,-0.027377940418545084,0.495777619844058,0.020340241896253393,0.4061090602398324,0.14133167850465084,0.2954623345351329,0.4896055840727533,0.32797331521776496,0.55893828849378,0.5472594003778025,0.08039320289663274,0.25681884772512825,0.21388192505121656,0.003582366124260272,0.5164278959681983,0.07445857537306498,-0.12277390034338523,-0.1734720207634411,-0.004825527658675968,0.28488503066527193,0.6234314389183622
WoodDeckSF,0.0885209332894081,0.17169768725711246,0.23892339224918593,-0.0033336992893856225,0.22488014230399744,0.20572592049010355,0.15971813436595433,0.20430614523740265,0.06789832641361218,-0.005316424333062066,0.23201860912901803,0.23545862278369778,0.09216541758603868,-0.025443647988791077,0.24743282051884846,0.17531519007972224,0.04016122325953452,0.18770321383582822,0.10808030267536337,0.04685377306989394,-0.09013027267903444,0.16598388371493233,0.20001879575902368,0.22457699198793213,0.2263421384698597,0.2246663071787637,1.0,0.058660608565887375,-0.1259888880376007,-0.03277063359357436,-0.07418135123983237,0.07337820695645396,-0.009551228238372468,0.021011044294297315,0.022270451009253036,0.20793208718041709,0.04687398599885628,0.25270254516031304,0.12417427618562729,0.13086023567937236,0.2210912471425059,0.21866382069490226,0.11956303930900418,0.1336938372868816,0.058080959311242235,0.2481288586557228,0.17211196494427541,0.07179013357161723,0.25152894112113533,0.008046463032669062,0.0473526014565627,-0.1617167981801607,-0.09515593665922842,0.11485725215077963,0.32441344456812926
OpenPorchSF,0.15197222768060642,0.08477380884021642,0.3088188233594523,-0.03258881352158505,0.188685840001731,0.22629763268298944,0.1257027966825031,0.11176061335675101,0.003092562209894399,0.12900541461542128,0.2472637462881078,0.2116712254979847,0.2080260631813579,0.018251039053999052,0.33022396171200064,0.06734146137698176,-0.02532375788905772,0.25997742546824865,0.19974014751279254,0.09380957160591452,-0.07009060989258609,0.2341915878315988,0.16940532713120185,0.22842457877198022,0.21356944558969115,0.2414346721380881,0.058660608565887375,1.0,-0.09307931750864903,-0.005842499340135753,0.07430394385024312,0.060762111489925795,-0.018583738987649336,0.07125488475868938,-0.057619360142091326,0.2915531145011279,0.06328020339879188,0.2539988660827412,0.09670534790073364,0.17548859976459424,0.25925388387666637,0.16811117958708824,0.06243344440484726,0.0520943832760215,0.06009647834235914,0.08659009991280682,0.08905252022611469,-0.0016735405652770546,0.20247322174037105,0.022798521446342493,-0.0505296086121102,-0.09313478427436457,0.03262158787632681,0.028198661340952,0.31585622711605504
EnclosedPorch,0.01070033663888244,-0.018339733672212328,-0.11393685859568162,0.07035618448230374,-0.3872677829280785,-0.1939191470992078,-0.11020383387243517,-0.10230330550073197,0.036543339448210164,-0.002537854589751547,-0.09547773670640776,-0.0652917009103091,0.06198869077325203,0.06108123777122687,0.009113210326003087,-0.049910649083753186,-0.008555333868578032,-0.11509296346134239,-0.09531652573608992,0.04157043451959824,0.03731238503296963,0.004151299023856323,-0.02482186853706847,-0.2970026030557314,-0.15143416002683724,-0.1217767195610043,-0.1259888880376007,-0.09307931750864903,1.0,-0.03730528278804611,-0.08286424483260343,0.05420256229213969,0.018360600139447715,-0.028887265707142493,-0.009915936955524396,-0.14958880582265865,0.03509398209467421,-0.18153257578172247,-0.0411953873205486,-0.1017429595138036,-0.10585890660697937,-0.042696668735387994,-0.09482534980894405,-0.09794576645913976,0.09841847940684403,-0.09453206952634796,-0.13699685179528975,0.062315617459639934,-0.18766320412194754,-0.045995606974371675,0.06908202205613169,0.09509194788899247,0.008842974418766514,-0.2016967262402092,-0.1285779579259566
3SsnPorch,0.07002922773085365,0.020422829586133416,0.03037056713526452,0.025503660024132138,0.03135451306436603,0.045285809814976964,0.018795515294914033,0.026450506189898953,-0.029993397993921023,0.02076400569654798,0.03738372726300508,0.05610437448487508,-0.02435764842204794,-0.004295610410300094,0.020643189710186576,-0.00010609153998400853,0.035113630886772336,0.03535301658385297,-0.0049724884173161,-0.02447779636611455,-0.024600358690531954,-0.006683241010939702,0.011257238992774959,0.023543689573665077,0.035765285146453774,0.03508670020815975,-0.03277063359357436,-0.005842499340135753,-0.03730528278804611,1.0,-0.03143584703909575,-0.00799154887286895,0.00035396527793940183,0.02947379524994019,0.01864492540475066,0.036934041402509256,0.00519647495397047,0.008096815232181984,-0.009149329224614814,0.05965076156272553,0.02233180850470164,0.03579268942805657,0.03539498951648277,0.026353968489451388,-0.007421994596364974,-0.015853616834622785,0.040912166672798615,-0.007620440778243094,0.03464209419813479,0.017773584347231954,0.004729752871990087,-0.03380096584269823,-0.008694244539221479,0.020526778306608887,0.04458366533574838
ScreenPorch,0.04138279067500582,0.04316037769525204,0.06488636049351544,0.05481052878611526,-0.05036443453861205,-0.038740010742610125,0.06146554318732188,0.06202062266534991,0.08887125137339073,-0.012579273444256824,0.08448898591431157,0.08875807262015682,0.040606447641001006,0.02679941302177244,0.10151039568208567,0.023147725763573802,0.03212140720908338,-0.00810609332811188,0.0724258451703809,0.044299691127134826,-0.05161336606147979,0.059382599559410935,0.18453026951684842,-0.07541751376190593,0.05049379192719834,0.05141176244520852,-0.07418135123983237,0.07430394385024312,-0.08286424483260343,-0.03143584703909575,1.0,0.05130739451790554,0.03194576077490817,0.023216991793307076,0.01069410600377114,0.012688232950204244,0.028592884125896566,0.034395809278972164,0.03931131993286547,-0.03492290412527547,0.03078812658972642,0.15000204113281146,0.06912156080623508,0.07194302187370896,0.009267467794327067,0.04220682248103888,0.022251514575408082,0.050377853246073606,0.04107423267022406,-0.024926128227765052,0.010487831202634653,-0.06518217240407968,-0.05297604299300529,0.05061667065778328,0.11144657114291112
PoolArea,0.2061667752760768,0.07767239188017444,0.06516584360589199,-0.0019849422681841354,0.004949727615942999,0.005829372037106204,0.01172306121326672,0.1404912862549568,0.041709054681333575,-0.035092240793657914,0.12605313210083768,0.13152497564028254,0.08148687804909954,0.06215737226918922,0.1702053360005616,0.06761555618047507,0.02002462983851695,0.04960382558403366,0.0223814980554099,0.07070258356547471,-0.014525116015980777,0.0837573495149245,0.09507352203619863,-0.01450067856370222,0.020933531041465454,0.061047271702060014,0.07337820695645396,0.060762111489925795,0.05420256229213969,-0.00799154887286895,0.05130739451790554,1.0,0.02966865085402175,-0.033736640262791315,-0.0596889316752469,0.034766172393744535,0.044387183683050044,0.026414849026005906,0.008097674679767006,-0.0476291724310555,0.062353574573007435,0.04873726338282507,0.03545026836247618,0.035739308572198585,0.8999237636059758,0.042190299212168735,0.03183320796754119,0.013058118011512024,0.028774236597570665,0.016282935433096116,0.153517601063652,-0.04710024174230157,0.015504835598703548,0.01990307407815044,0.09240354949187318
MiscVal,0.003367556596191435,0.03806769201918336,-0.031406210500746504,0.0687768060572499,-0.03438313873672287,-0.010286248783081431,-0.02981539358527878,0.003571473474954695,0.004939781228437705,-0.023836645134507763,-0.018478922431472124,-0.021095719463122223,0.016196874604388505,-0.003792870779996453,-0.0024156395502935623,-0.02304702486861695,-0.007366524543625446,-0.014289844970848111,0.0012901448492839542,0.007766971998717607,0.062340724004379115,0.024762884163584138,0.0014086054430451757,-0.032417457821261826,-0.04308012810223063,-0.02739991441262488,-0.009551228238372468,-0.018583738987649336,0.018360600139447715,0.00035396527793940183,0.03194576077490817,0.02966865085402175,1.0,-0.006494550221282175,0.004906262452651876,-0.03930981826985677,0.05164863916650546,-0.04440369387701097,-0.023240157186398058,-0.026872444558125444,-0.0540948430015152,-0.0208715845878554,-0.0047844523292747245,-0.0016634516787645743,0.007946212655798746,-0.01728125661742884,0.012355796566745321,0.0142906454141368,-0.0033516151585967846,-0.029947809976943247,0.030415586837992423,-0.028637678487283023,0.003518409630202068,-0.04472134149801034,-0.021189579640303213
MoSold,0.011199954759134238,0.0012049882225877268,0.07081517178517327,-0.003510838599939743,0.012398470595440986,0.02149000222687611,-0.005964715509114298,-0.015726948262154667,-0.015210737972006668,0.03488844300908206,0.013196178616778433,0.03137156035207926,0.035164427361791005,-0.02217396057953783,0.05023968081827284,-0.025360894315259907,0.03287270523409066,0.055872128991723384,-0.009049888212650292,0.04654385993628238,0.026588907230915452,0.036907077159844405,0.04635710249771968,0.0053370257603695135,0.040521730128251755,0.02797379982354057,0.021011044294297315,0.07125488475868938,-0.028887265707142493,0.02947379524994019,0.023216991793307076,-0.033736640262791315,-0.006494550221282175,1.0,-0.1457214126753949,0.042789675047002304,0.027243651796462875,0.015662490558867984,0.025060241972269925,0.015523365866314212,0.0517623727791493,0.05447009533907591,0.014788955091542681,0.012968242849681939,-0.0299609749639797,0.01991145359160724,-0.03446689285253875,-0.021083731360093224,-0.0006826263933786105,0.024817061561581907,-0.0043997600267055206,-0.026616943121656723,-0.007071686658055945,0.017154304779044324,0.046432245223819446
YrSold,0.007449589209750463,-0.01426140729855021,-0.027346708327825386,0.043949745692488544,-0.01361768000183213,0.03574324712127364,-0.008201030967080006,0.014358922393909302,0.03170563698487945,-0.04125819493876721,-0.014968648018762356,-0.01360377050464661,-0.02869991393529755,-0.028920879782296086,-0.03652581962473121,0.06704913767140361,-0.04652388177400862,-0.019668840691520386,-0.010268668868105917,-0.03601389283370446,0.031687206500669154,-0.03451635430218269,-0.024095564980725313,-0.0010142778712734348,-0.039116904112831495,-0.027377940418545084,0.022270451009253036,-0.057619360142091326,-0.009915936955524396,0.01864492540475066,0.01069410600377114,-0.0596889316752469,0.004906262452651876,-0.1457214126753949,1.0,-0.006744813277591347,0.008053232838026142,-0.02146087298155642,-0.06028850696474642,-0.009649081623495087,0.0020465486519728624,-0.05129296357582794,-0.006451034517176957,-0.008895340223500714,-0.04678599694603957,-0.06405975867336634,0.05309328697244154,0.03326250908015733,0.0014668362647383456,-0.029804619493359157,0.04806842761286712,0.03739136080811994,0.0023046324157220133,0.006555754396255791,-0.028922585168736813
